0.8026
0.0024
2.9207
0.8547
1.0445
0.5244
0.0230
3.3875
0.0230
0.0771
3.1800
0.2568
1.4659
0.3376
0.2743
4.4511
0.7229
0.0708
0.3376
0.0939
0.0621
0.3716
3.0787
0.1539
0.8236
0.5244
0.8763
0.1917
0.0230
11.2738
0.0024
0.0001
0.0771
3.2829
0.0325
2.1561
0.0368
1.4251
4.4511
0.1322
1.3974
2.4157
6.3883
0.0060
0.5244
1.2274
0.2021
0.5843
1.6375
0.6106
4.1652
0.2568
0.2176
1.1648
0.9868
0.0325
2.8811
0.9308
0.6561
0.3512
0.1449
3.0194
0.3860
0.2568
0.1239
2.1561
0.4223
0.0708
0.2286
1.0209
0.1917
0.7229
0.7521
0.0436
0.1449
0.2568
0.4447
0.0024
1.3306
3.2829
0.5666
0.1046
2.4157
0.3716
3.3875
0.8236
1.3974
0.0014
0.0368
0.2568
0.8026
0.7033
0.0436
0.7229
0.0771
0.8547
0.0004
0.3376
0.1046
2.9207
