0.9868
0.7521
4.2829
11.2738
0.0436
3.4937
0.3051
2.5970
1.8330
1.1038
0.7033
0.0024
0.0001
0.0368
0.0267
0.0014
0.0939
0.9085
0.6289
1.1398
0.0368
0.0939
0.4837
0.0151
0.7724
0.2451
0.6561
0.6751
6.1598
0.1539
0.9308
0.5413
3.2829
0.1122
7.1323
4.3311
0.5413
3.4304
0.0325
0.4837
0.1322
3.3252
3.7110
0.3376
1.5650
0.5000
1.1038
0.0043
0.1322
0.0621
0.0151
0.4837
0.3860
2.0729
0.2451
2.3276
2.8811
0.1239
0.8763
1.4659
0.0230
0.3512
1.3974
1.0209
0.3376
0.0014
0.2451
0.0486
0.0708
2.4157
0.0869
0.6751
0.0112
0.8236
0.8547
0.0368
1.9113
0.4604
0.7521
0.2568
0.0014
0.0151
1.3306
6.1598
0.5666
1.4942
0.1046
0.0621
0.0230
0.0436
0.2286
0.0939
0.5843
0.6751
0.9638
0.0267
0.1046
0.1675
0.8026
0.0151
