0.0001
0.0192
5.2061
0.0718
0.4800
0.0622
1.6965
1.3333
1.5552
4.3971
3.6564
0.1298
1.1681
0.1885
0.0622
1.2084
0.0069
0.1728
0.8705
0.1728
1.3763
2.1573
0.7380
1.2910
0.6165
0.6459
0.0021
0.0069
0.2581
2.8577
0.0622
1.6487
0.0376
0.6165
0.0144
0.0718
0.7701
0.2397
3.7274
0.1298
5.9925
11.1207
0.1168
2.0501
1.9976
0.2581
0.0001
0.0001
2.3232
0.9053
1.9976
0.0308
0.2220
1.6965
1.3333
4.3200
0.0008
0.9770
0.6759
0.3175
0.0820
0.1298
1.9457
1.4644
0.4800
1.6016
0.6759
0.0144
1.6487
1.1285
0.9408
0.2220
1.0514
0.0069
0.0247
0.0820
0.4547
0.1168
2.3232
0.9770
0.1728
0.0001
0.6165
2.9840
0.6759
2.3799
1.7941
0.0001
0.2049
2.6133
0.3605
0.0103
0.0069
0.0042
2.8577
5.5488
1.0138
0.0820
7.2261
0.3605
