0.0511
0.4596
4.1362
0.4596
3.0014
0.9589
0.4596
0.2780
0.0511
0.4596
0.1418
0.0057
0.1418
0.2780
0.9589
2.5021
0.9589
0.0057
0.0057
0.0057
2.0482
0.0511
0.6865
2.0482
0.9589
0.9589
2.5021
1.2766
0.2780
1.2766
0.4596
0.0511
0.0511
0.6865
0.9589
0.0511
3.5461
0.4596
3.5461
0.0511
0.2780
0.6865
2.5021
0.9589
0.2780
1.2766
0.4596
0.6865
3.5461
0.9589
0.1418
1.2766
0.6865
5.4525
0.6865
0.4596
1.6397
0.0511
0.2780
1.2766
0.9589
0.2780
0.2780
0.0057
0.4596
0.2780
0.4596
0.0057
0.2780
0.0057
0.0057
0.1418
0.1418
1.2766
0.0511
0.0511
0.4596
1.2766
0.2780
0.1418
0.2780
0.4596
2.0482
0.6865
1.6397
0.1418
2.0482
0.2780
0.4596
3.5461
0.4596
0.1418
0.2780
2.0482
0.0057
0.0511
0.0057
0.0057
0.0057
0.0511
