0.0901
3.6741
0.0048
1.3872
0.0048
0.0901
1.3872
1.0800
0.0048
0.4485
0.0048
0.0048
0.0048
0.0048
0.0048
1.3872
0.6533
0.1925
0.0901
1.0800
3.6741
1.3872
1.3872
0.6533
1.3872
0.0901
0.4485
3.1621
3.6741
0.1925
0.1925
0.0048
1.9845
0.0048
1.0800
0.4485
0.6533
14.1701
5.2272
3.6741
0.0048
1.9845
0.0901
0.0901
1.3872
3.6741
5.2272
0.0901
0.0901
1.9845
1.9845
0.0048
0.4485
0.0901
0.4485
1.0800
6.3365
0.6533
0.0901
1.9845
0.0048
3.6741
0.0901
0.4485
3.6741
0.0901
0.4485
1.9845
1.0800
0.0901
2.3941
0.1925
0.0048
1.9845
0.0048
0.0048
0.4485
0.0048
0.0048
0.0901
1.3872
1.0800
0.0901
1.9845
1.0800
3.6741
0.4485
2.3941
0.6533
0.1925
0.0901
1.0800
0.0901
1.0800
0.0048
0.6533
0.0048
0.6533
1.3872
0.0901
