3.5484
0.3396
0.0046
0.2514
1.3269
2.1027
0.1339
1.5208
0.0222
0.1339
0.0222
1.0331
1.8735
0.2514
1.5208
0.0046
0.3396
0.5159
0.6393
0.0046
0.8744
0.6393
0.2514
0.0222
0.5159
0.0810
0.0046
0.6393
0.0810
1.5208
1.0331
5.0000
1.3269
6.0167
0.6393
0.8744
0.2514
0.0046
0.0810
0.0046
0.1339
1.0331
2.1027
1.5208
1.5208
0.0046
1.0331
0.3396
0.8744
1.3269
0.0222
0.0046
1.0331
1.0331
0.5159
0.2514
0.0810
3.5484
3.5484
0.2514
0.1339
2.1027
0.3396
1.5208
0.6393
0.0222
0.1339
0.0810
0.3396
1.0331
2.7785
0.5159
0.3396
1.3269
0.3396
1.0331
0.2514
1.8735
0.0222
0.2514
0.3396
2.7785
3.5484
1.3269
0.8744
0.5159
0.0046
0.5159
2.1027
0.0810
4.0773
0.0222
1.5208
0.6393
0.6393
0.5159
1.0331
0.0046
0.8744
0.2514
