0.0267
0.0267
1.9723
2.9963
0.7776
0.7776
4.7883
0.0267
0.3851
0.8971
0.0096
0.1291
0.1291
1.3067
1.9723
0.0096
0.0267
0.1803
0.0267
0.4704
1.9723
0.8971
0.1803
0.1291
1.9723
0.3851
0.7776
0.7776
2.9963
1.4603
2.9963
0.4704
0.1291
0.1291
0.3851
2.1600
0.4704
1.3067
0.0096
0.4704
3.9691
0.0096
0.7776
0.3851
0.4704
0.0096
0.1803
1.3067
0.8971
1.4603
2.1600
2.7744
0.1803
0.3851
1.3067
0.1803
0.1291
3.7131
1.4603
4.7883
0.0267
0.7776
1.3067
0.7776
0.0096
0.0096
0.4704
0.4704
0.1803
3.7131
1.3067
1.3067
0.1291
0.1291
2.1600
0.0096
0.3851
0.1291
1.4603
1.4603
1.3067
0.7776
0.7776
0.7776
1.3067
6.0000
0.4704
3.7131
0.1803
7.3483
4.7883
0.7776
0.1291
0.1803
0.7776
0.3851
0.1803
0.3851
0.1803
0.1291
