0.0104
0.3580
1.6871
0.6920
0.3580
0.0104
0.1331
0.3240
1.6121
1.6121
0.3580
0.6443
0.0173
0.6920
1.0737
2.2596
2.2596
0.6443
0.0173
1.6121
0.1331
3.0162
0.1331
0.0104
1.6121
0.3580
3.0162
0.0104
0.6920
2.3482
1.0737
0.1127
1.1350
0.1331
0.6443
0.1127
0.0173
1.0737
0.6920
0.1331
0.0104
1.0737
0.6920
2.2596
0.6920
0.3240
0.0173
3.1184
0.0104
0.6443
4.8564
1.0737
0.0104
1.0737
0.6920
0.1127
3.0162
0.3240
1.6871
0.1127
0.1127
3.0162
1.6871
3.8818
1.0737
1.6871
0.0173
1.0737
0.6920
2.3482
0.1127
1.0737
1.6871
0.1331
0.3240
0.0173
1.1350
1.0737
1.1350
0.6920
0.6920
0.3580
0.1331
0.6443
0.6443
1.1350
0.6443
1.1350
0.0173
0.0173
0.6920
0.0173
1.1350
1.1350
0.0173
2.2596
0.0173
3.8818
3.8818
0.1127
