0.8317
0.0000
0.0178
0.4881
0.1434
0.0478
0.4165
0.0310
0.1354
0.2253
0.2055
0.0007
2.8224
0.0000
0.0239
0.0103
0.9319
0.4881
1.0595
0.3379
0.4881
0.0860
0.4303
0.3136
0.5184
0.2355
0.0003
0.4588
0.0125
3.8730
0.4444
4.2601
1.7636
0.3257
1.0377
3.1164
3.0789
0.7373
0.5655
0.4588
0.2676
0.4028
0.0433
3.0789
0.0924
0.6147
0.8911
0.2676
0.2355
0.0348
1.7636
0.8911
0.6486
0.1866
0.0034
0.0860
0.0103
1.8496
1.4145
2.6460
2.8224
0.0924
0.0048
2.4087
0.1129
0.3505
0.0125
0.2355
0.0082
0.3505
0.1202
0.0310
0.0000
3.4646
0.5339
0.5817
1.9675
0.2902
2.0890
0.1686
1.1039
0.5032
0.0007
1.0377
0.0860
0.1202
4.3042
0.3379
0.0207
0.1600
0.0740
0.7191
1.2664
0.5980
1.6796
0.5496
0.0178
0.1600
0.8711
1.0377
