0.6150
0.4000
1.8894
3.9271
9.4738
0.0086
4.5518
1.0758
0.4216
0.0006
0.1315
1.0758
1.3739
1.5787
1.7084
1.7528
0.4000
0.0086
0.1440
0.0086
0.9734
0.6150
0.1850
2.3297
0.0518
0.2646
0.9404
4.2684
0.0086
0.0974
0.0120
0.1850
0.4000
0.1998
0.0314
0.3192
0.1850
0.0974
0.3192
1.0758
0.0598
3.2262
0.0871
3.9271
2.5402
1.1111
1.0758
0.0120
0.5889
0.1315
0.2475
1.2203
1.0758
1.5787
4.5518
1.9360
1.5787
1.3739
0.0257
1.0758
2.5402
1.4138
0.0871
0.0086
0.3192
4.5518
0.1315
1.2203
0.0871
8.9618
0.0871
0.1998
0.4899
1.2203
0.0086
0.8449
0.3192
1.4138
0.0314
0.3192
1.8894
0.1440
1.2579
0.3192
0.0598
0.0598
0.8449
0.3386
0.6970
0.2475
1.5366
0.1315
0.6970
0.0871
0.3192
0.3192
0.2646
0.1998
0.3386
2.3297
