0.0940
1.8860
0.0144
9.4864
0.0940
0.0940
0.0087
0.9474
0.0087
0.1111
0.0144
0.0144
1.9600
0.9474
0.0940
0.2704
5.0775
1.4082
0.0940
0.0144
1.9600
2.5175
0.2988
2.5175
0.9474
3.2400
0.2988
0.0940
3.2400
0.2704
0.8962
4.1616
0.0940
0.0940
4.1616
3.2400
0.5378
0.1111
0.2988
0.2988
0.0144
0.1111
0.8962
1.3456
0.0144
0.2704
0.9474
1.3456
4.1616
1.9600
0.0940
4.9580
3.2400
0.2704
0.0144
0.1111
2.6028
0.5378
0.8962
0.8962
0.2704
0.1111
0.0087
0.1111
4.0535
7.1824
0.8962
0.8962
0.2988
0.0940
0.0144
0.5378
0.2704
0.0144
0.9474
1.4082
0.2704
0.0940
0.5378
0.5378
3.2400
0.8962
0.2988
0.9474
0.8962
0.5776
0.0144
0.0144
0.8962
0.0144
0.2704
0.0144
0.8962
0.0144
0.9474
0.5776
0.0940
0.0940
0.1111
1.8860
