0.1476
3.9815
1.1098
0.2028
0.5715
0.5715
0.0209
0.2667
0.4646
2.4515
0.7743
1.7805
2.9962
1.2720
0.8336
0.0479
2.1996
1.8473
0.2840
1.1626
1.6507
0.0002
0.0721
0.0860
0.2179
0.0635
0.6623
2.7718
2.2489
0.7889
0.1012
0.0516
4.4216
0.5968
0.0766
0.4990
7.3668
0.6226
0.2028
0.0002
5.2191
0.1476
0.0107
0.2582
9.4216
2.7443
0.1012
0.4424
0.1176
0.0479
0.8037
0.0038
0.1673
0.0234
4.3524
0.3490
0.3297
0.0107
3.9486
0.0209
0.0090
0.9265
0.9425
0.1606
0.0090
0.0766
0.8336
0.2753
0.0479
0.0029
0.5227
0.5347
3.2592
0.9265
0.1292
0.3019
0.2753
0.2028
1.5463
0.1606
0.3688
0.0260
0.0813
0.3891
2.2737
1.2534
0.3393
0.0516
0.5227
3.2891
4.9582
0.8640
0.1120
0.0075
0.0316
0.6490
0.2103
0.0075
0.5591
0.8336
