0.0511
0.6865
2.0482
1.2766
0.0511
0.2780
2.0482
2.0482
4.1362
0.4596
1.2766
0.4596
0.0057
1.2766
1.2766
2.0482
0.1418
0.0511
0.4596
1.2766
0.4596
0.2780
0.9589
0.0057
0.4596
3.5461
0.2780
0.4596
2.5021
0.1418
0.0511
0.0511
0.0057
0.0057
0.0057
0.0057
0.6865
0.4596
2.0482
0.0511
0.1418
6.1787
1.2766
2.0482
3.5461
0.4596
0.9589
0.6865
0.9589
0.9589
0.2780
0.6865
0.9589
0.2780
0.2780
0.9589
2.5021
3.5461
0.2780
0.2780
2.0482
0.0511
0.2780
3.5461
0.1418
0.1418
0.2780
0.0511
0.0057
0.0511
0.6865
1.2766
1.2766
1.2766
1.2766
0.6865
0.1418
1.2766
0.0511
6.9504
0.6865
0.4596
0.0511
0.6865
1.6397
0.0511
3.0014
1.2766
0.0057
0.1418
0.9589
0.4596
3.5461
0.6865
0.4596
0.0057
0.6865
1.2766
0.6865
0.0511
