1.1350
1.1350
3.0162
1.0737
0.1127
0.3240
1.1350
0.0173
0.0104
1.6121
0.3580
0.3580
1.0737
0.6920
0.0104
0.3580
1.0737
3.9977
2.3482
0.0104
0.0104
0.0104
1.6871
2.3482
0.0104
0.1127
1.6121
0.0173
0.3580
9.8456
0.1331
0.3240
0.6443
0.0104
0.0173
0.0104
1.6121
0.0173
4.8564
0.3580
0.1331
0.3240
1.6871
1.0737
1.6121
1.6871
0.6443
0.3580
6.0833
0.3580
0.1331
0.1331
0.6920
3.1184
4.9859
0.0104
1.0737
0.0173
0.0104
0.0104
0.1127
0.1127
3.8818
7.1329
0.6920
0.6443
1.6121
0.1331
0.0104
0.3580
0.1331
0.3580
3.8818
3.9977
3.1184
0.1127
1.1350
0.3580
0.6920
0.1331
0.1331
0.0104
1.6121
0.0104
1.1350
0.6443
0.3580
2.3482
0.1331
0.6920
0.1127
1.1350
1.0737
0.0104
0.3240
0.6443
1.6871
0.3240
0.6920
1.6121
