0.3396
0.2514
1.3269
0.0222
1.3269
2.5140
0.3396
0.0046
0.3396
2.5140
7.1275
0.1339
0.6393
3.2487
0.0222
1.8735
2.5140
0.1339
4.4123
5.0000
0.0810
8.3322
0.5159
0.3396
0.1339
2.7785
2.5140
0.5159
0.6393
0.1339
2.7785
0.0810
1.0331
0.0046
1.5208
0.0046
1.5208
0.2514
0.3396
0.2514
0.0222
4.4123
0.1339
0.5159
3.5484
0.2514
2.1027
0.6393
0.6393
0.2514
0.6393
0.0810
0.1339
0.0810
1.5208
0.0222
0.2514
0.3396
0.0046
1.0331
0.3396
1.0331
0.1339
1.3269
0.5159
4.0773
0.0046
0.6393
0.0222
0.0222
1.3269
1.3269
0.0810
0.8744
2.1027
0.6393
0.6393
0.0046
0.0810
11.0239
1.0331
0.2514
1.3269
0.5159
0.1339
0.8744
0.1339
1.8735
0.0810
0.6393
0.0222
1.0331
0.3396
0.3396
5.3702
2.5140
0.0046
0.0046
0.3396
0.0046
