2.3416
2.4926
0.6425
0.6425
0.1705
0.0006
0.6425
0.1705
0.1327
2.4926
3.8708
2.4926
0.1327
0.1327
0.1327
0.1327
0.0006
1.4165
2.4926
1.3032
0.1705
1.3032
0.0006
0.5670
0.6425
1.3032
1.4165
0.1327
3.6820
0.1705
0.6425
1.3032
1.3032
1.4165
0.0006
1.4165
2.3416
0.1327
0.6425
0.6425
0.0006
1.4165
1.3032
5.5510
2.4926
0.1327
3.6820
0.6425
0.1705
3.6820
3.6820
0.1705
0.1327
0.5670
0.1327
0.5670
0.1327
0.0006
0.1705
0.0006
0.1327
0.1705
0.1705
0.1327
0.1705
0.1705
0.6425
0.0006
0.1327
0.1327
0.6425
0.0006
2.3416
0.1327
1.4165
0.1705
1.3032
0.1327
2.4926
5.5510
3.6820
0.0006
0.6425
0.1327
0.1327
0.0006
1.4165
0.0006
0.0006
5.3245
0.6425
0.1327
1.4165
0.0006
0.1705
3.8708
1.4165
0.0006
0.0006
0.0006
