0.6533
1.3872
0.0901
1.3872
0.0901
5.2272
0.6533
0.4485
0.0901
0.6533
0.0048
0.6533
0.0048
0.0901
1.0800
1.3872
1.9845
0.4485
0.0048
0.0048
2.3941
0.4485
0.6533
1.3872
0.4485
0.0048
1.3872
4.6128
1.3872
2.3941
0.0901
0.1925
0.0048
0.0048
0.6533
1.3872
1.0800
7.0533
0.0048
1.0800
0.6533
0.1925
0.1925
3.1621
2.3941
0.1925
0.0901
0.6533
0.0048
0.0048
1.0800
0.0901
0.0901
0.4485
0.6533
0.0048
0.0901
0.1925
0.0901
2.3941
0.0901
0.4485
0.0901
0.4485
9.1525
0.4485
1.0800
3.1621
0.0901
1.0800
5.2272
0.0048
1.0800
0.1925
1.3872
1.9845
0.0048
0.6533
1.0800
5.2272
2.3941
0.4485
0.1925
3.1621
1.0800
0.4485
0.0901
5.2272
0.0048
2.3941
1.9845
0.0901
1.0800
1.9845
0.0901
0.1925
2.3941
0.1925
0.0901
0.4485
