1.3067
1.9723
0.1803
0.0096
0.4704
0.1291
0.7776
2.1600
8.8331
0.0096
0.3851
0.7776
0.1803
0.1291
0.0096
0.4704
0.3851
1.4603
0.1803
1.3067
0.8971
0.1291
0.3851
0.0096
0.3851
3.7131
0.4704
0.4704
0.3851
0.8971
2.1600
0.1291
0.1803
0.1291
0.0267
0.1291
1.4603
0.7776
1.4603
0.1291
0.0267
2.1600
0.1803
0.4704
0.1803
6.3243
0.3851
0.0267
0.1803
2.9963
0.1291
0.7776
0.1291
0.1291
4.7883
1.4603
0.0267
2.1600
6.3243
0.3851
0.7776
0.3851
1.3067
1.4603
2.9963
0.8971
0.0267
2.1600
1.4603
2.7744
0.0267
0.4704
0.1803
0.3851
1.3067
0.1291
16.1376
0.0096
0.0267
0.0096
0.7776
1.4603
0.7776
1.3067
0.0096
0.1291
0.8971
1.4603
2.7744
4.7883
1.3067
0.1803
0.4704
0.3851
3.7131
3.9691
1.3067
1.4603
0.4704
1.3067
